Group 1:
Community 2:
1002, 1003, 2401012242, 2401012322
1002, 1003, 2401010449, 2401010625
1002, 1004, 2401012148, 2401012231
1000, 1001, 2401010316, 2401010509
1000, 1001, 2401010822, 2401010858
1000, 1002, 2401011456, 2401011647
1000, 1003, 2401011102, 2401011237
1000, 1003, 2401010938, 2401011133
1000, 1004, 2401010314, 2401010502
1000, 1004, 2401010733, 2401010840
1003, 1004, 2401010005, 2401010151
1001, 1002, 2401011435, 2401011622
1001, 1002, 2401011003, 2401011132
1001, 1003, 2401010252, 2401010410
1001, 1003, 2401010756, 2401010831
1001, 1004, 2401010904, 2401010944
Community 1:
2, 3, 2401010028, 2401010120
2, 4, 2401011525, 2401011635
1, 2, 2401010002, 2401010051
1, 3, 2401012251, 2401012354
1, 4, 2401011242, 2401011402
1, 4, 2401011034, 2401011104
3, 4, 2401011549, 2401011725
0, 1, 2401011955, 2401012118
0, 2, 2401012029, 2401012123
0, 2, 2401010039, 2401010141
0, 3, 2401011915, 2401012103
0, 3, 2401010843, 2401011043
0, 4, 2401012029, 2401012205
0, 4, 2401010757, 2401010909

Group 2:
Community 4:
3001, 3002, 2401010225, 2401010257
3000, 3001, 2401011736, 2401011908
3000, 3002, 2401010832, 2401011025
3000, 3002, 2401010713, 2401010832
Community 5:
4000, 4001, 2401012338, 2401020048
4000, 4001, 2401012331, 2401020039
4000, 4002, 2401011043, 2401011156
4000, 4003, 2401011532, 2401011609
4000, 4003, 2401012305, 2401020008
4000, 4004, 2401010238, 2401010309
4001, 4002, 2401011522, 2401011600
4001, 4002, 2401010910, 2401011037

Group 3:
Community 3:
2000, 2001, 2401012125, 2401012241
2000, 2002, 2401012311, 2401020110
2000, 2002, 2401012244, 2401012322
2000, 2003, 2401012037, 2401012226
2002, 2003, 2401010902, 2401010953
2001, 2002, 2401012350, 2401020035
2001, 2002, 2401010143, 2401010337
2001, 2003, 2401010458, 2401010529